info_inc = [1,2]
info_trans = [0,1]
foldername = "kanen877"
cost = [[[9015179.901973303, 0, 533692.3115628922, 169092.3053423035, 0, 0], [5233524.336989301, 2282438.6773479003, 533692.3115628922, 169092.3053423035, 21148.581279218117, 21945.4507491981]], [[6474978.092677504, 0, 553728.7661616763, 201487.18920335808, 0, 0], [4102753.9687554995, 982976.1279985999, 553728.7661616763, 201487.18920335808, 15014.019217287458, 15012.192902890305]]]
