info_inc=[1,1]
info_trans=[0~1]
foldername = "kanen877"
cost = [[[9015179.901973303, 0, 533692.3115628922, 169092.3053423035, 0, 0], [5223587.772198801, 2329387.8288439997, 533692.3115628922, 169092.3053423035, 21163.74347264015, 22670.552876046106]]]
