info_inc = [1,2]
info_trans = [0,1]
foldername = "kanen877"
cost = [[[9015179.901973303, 0, 533692.3115628922, 169092.3053423035, 0, 0], [5223587.772198801, 2329387.8288439997, 533692.3115628922, 169092.3053423035, 21163.74347264015, 22670.552876046106]], [[6490456.328558403, 0, 553513.6460035054, 200053.17783944582, 0, 0], [4003703.5976147004, 959292.5762503, 553344.0583633254, 198932.62407958158, 15014.019217287458, 15012.192902890305]]]
